-1.000000000000000000e+01 9.999950533551379417e-01 1.000000000000000000e+00 1.000000000000000000e+00 1.000000000000000000e+00 1.000000000000000000e+00 1.000000000000000000e+00
-9.797979797979797567e+00 9.999935793754494151e-01 9.999997238209146211e-01 9.999999721600362212e-01 9.999999971365504114e-01 9.999999997039048516e-01 9.999999999692480435e-01
-9.595959595959595134e+00 9.999916661884590274e-01 9.999993819160555297e-01 9.999999399790217014e-01 9.999999939151431594e-01 9.999999993753815319e-01 9.999999999353930136e-01
-9.393939393939394478e+00 9.999891829237863572e-01 9.999990510398082399e-01 9.999999069933411810e-01 9.999999905153557078e-01 9.999999990226516866e-01 9.999999998985977800e-01
-9.191919191919192045e+00 9.999859597169558079e-01 9.999986585872180367e-01 9.999998660649557225e-01 9.999999862906264747e-01 9.999999985860603680e-01 9.999999998531978740e-01
-8.989898989898989612e+00 9.999817760916095422e-01 9.999981801302421092e-01 9.999998167402652793e-01 9.999999812301942903e-01 9.999999980635734254e-01 9.999999997987150113e-01
-8.787878787878787179e+00 9.999763458809584060e-01 9.999975886662140212e-01 9.999997553398094485e-01 9.999999748741017491e-01 9.999999974032931505e-01 9.999999997294807264e-01
-8.585858585858586522e+00 9.999692976579649395e-01 9.999968429176819829e-01 9.999996774752353268e-01 9.999999668061985147e-01 9.999999965653862954e-01 9.999999996414558057e-01
-8.383838383838384090e+00 9.999601493372048955e-01 9.999958884028667949e-01 9.999995778405450508e-01 9.999999564775809979e-01 9.999999954903378008e-01 9.999999995279584830e-01
-8.181818181818181657e+00 9.999482752137741626e-01 9.999946566772699441e-01 9.999994495998079103e-01 9.999999431728587851e-01 9.999999941025338179e-01 9.999999993807493492e-01
-7.979797979797979224e+00 9.999328631891504227e-01 9.999930614157650499e-01 9.999992839082618712e-01 9.999999259717984312e-01 9.999999923041944516e-01 9.999999991889345630e-01
-7.777777777777777679e+00 9.999128592658370618e-01 9.999909923082350716e-01 9.999990693400092612e-01 9.999999036826066057e-01 9.999999899674625325e-01 9.999999989380887744e-01
-7.575757575757576134e+00 9.998868955271030812e-01 9.999883071390820444e-01 9.999987911099224025e-01 9.999998747556244627e-01 9.999999869247437889e-01 9.999999986090506443e-01
-7.373737373737373701e+00 9.998531966974726348e-01 9.999848217584483834e-01 9.999984300461719489e-01 9.999998371717908618e-01 9.999999829556340813e-01 9.999999981762341950e-01
-7.171717171717171269e+00 9.998094589296628865e-01 9.999802972720367444e-01 9.999979612513103522e-01 9.999997882953857165e-01 9.999999777692578640e-01 9.999999976053226547e-01
-6.969696969696969724e+00 9.997526925895042771e-01 9.999744235211471821e-01 9.999973523550553800e-01 9.999997246786196392e-01 9.999999709804090475e-01 9.999999968500944414e-01
-6.767676767676768179e+00 9.996790183908939031e-01 9.999667976613659803e-01 9.999965612265122594e-01 9.999996418015333344e-01 9.999999620771318209e-01 9.999999958480307871e-01
-6.565656565656565746e+00 9.995834031145772736e-01 9.999568963073359740e-01 9.999955329702032714e-01 9.999995337243162696e-01 9.999999503764540609e-01 9.999999945142172830e-01
-6.363636363636363313e+00 9.994593171343851834e-01 9.999440392500702490e-01 9.999941959705884731e-01 9.999993926202872530e-01 9.999999349636579105e-01 9.999999927328537819e-01
-6.161616161616161769e+00 9.992982908321133007e-01 9.999273421311898336e-01 9.999924566664049053e-01 9.999992081454429638e-01 9.999999146086173685e-01 9.999999903453968830e-01
-5.959595959595959336e+00 9.990893404128039501e-01 9.999056546207413243e-01 9.999901926199914470e-01 9.999989665830568697e-01 9.999998876500728606e-01 9.999999871339606550e-01
-5.757575757575757791e+00 9.988182252820613227e-01 9.998774795142841842e-01 9.999872432844996162e-01 9.999986496771866573e-01 9.999998518349781929e-01 9.999999827980328160e-01
-5.555555555555555358e+00 9.984664886054600563e-01 9.998408666293057134e-01 9.999833976440122285e-01 9.999982330340839720e-01 9.999998040947419842e-01 9.999999769217504664e-01
-5.353535353535353813e+00 9.980102194845289487e-01 9.997932732805780986e-01 9.999783775801039942e-01 9.999976839211242030e-01 9.999997402326723517e-01 9.999999689278394888e-01
-5.151515151515151381e+00 9.974184589007645263e-01 9.997313802180278763e-01 9.999718153632612960e-01 9.999969582229144560e-01 9.999996544862937986e-01 9.999999580126952559e-01
-4.949494949494949836e+00 9.966511518320381180e-01 9.996508478860411939e-01 9.999632230220137918e-01 9.999959962151183657e-01 9.999995389131117740e-01 9.999999430547832358e-01
-4.747474747474747403e+00 9.956565246245516754e-01 9.995459922302150080e-01 9.999519504261344949e-01 9.999947166760831951e-01 9.999993825270342418e-01 9.999999224852718083e-01
-4.545454545454545858e+00 9.943677402635238138e-01 9.994093513490343028e-01 9.999371276191790781e-01 9.999930086573856070e-01 9.999991700823628316e-01 9.999998941051834178e-01
-4.343434343434343425e+00 9.926986561877786386e-01 9.992311030889202694e-01 9.999175850898345264e-01 9.999907199525710499e-01 9.999988803593334863e-01 9.999998548267852172e-01
-4.141414141414141881e+00 9.905384833144789125e-01 9.989982778494116422e-01 9.998917430558142971e-01 9.999876409041681402e-01 9.999984837443207653e-01 9.999998003076279174e-01
-3.939393939393939448e+00 9.877451280614090168e-01 9.986936885367363459e-01 9.998574571320751891e-01 9.999834816237027635e-01 9.999979388115325385e-01 9.999997244324294599e-01
-3.737373737373737903e+00 9.841370043028129233e-01 9.982944682952847870e-01 9.998118025233810879e-01 9.999778398987380079e-01 9.999971874906568026e-01 9.999996185792563441e-01
-3.535353535353535470e+00 9.794831516676174576e-01 9.977700631631860606e-01 9.997507714984359417e-01 9.999701559269342788e-01 9.999961482314032590e-01 9.999994705798624928e-01
-3.333333333333333037e+00 9.734916270173394892e-01 9.970794672239875478e-01 9.996688485009352920e-01 9.999596484110004901e-01 9.999947063297600636e-01 9.999992632462937348e-01
-3.131313131313131493e+00 9.657964045755222937e-01 9.961674077035076458e-01 9.995584126232829325e-01 9.999452242736501795e-01 9.999927002316779667e-01 9.999989722823197091e-01
-2.929292929292929060e+00 9.559435112535670243e-01 9.949590823979799215e-01 9.994088966392594697e-01 9.999253510304215720e-01 9.999899021346583261e-01 9.999985633222264747e-01
-2.727272727272727515e+00 9.433779510294566517e-01 9.933529190330250280e-01 9.992056030726348403e-01 9.998978762976609147e-01 9.999859905051763365e-01 9.999979877316422794e-01
-2.525252525252525082e+00 9.274342688613936847e-01 9.912106679745895654e-01 9.989280377818952061e-01 9.998597724593158986e-01 9.999805111332554786e-01 9.999971766519454297e-01
-2.323232323232323537e+00 9.073354816164702630e-01 9.883439709930441630e-01 9.985475661992804230e-01 9.998067753907142752e-01 9.999728219318135825e-01 9.999960325525182325e-01
-2.121212121212121104e+00 8.822075472794673745e-01 9.844964114045131609e-01 9.980241215177068081e-01 9.997328732498572679e-01 9.999620146833579915e-01 9.999944172466995740e-01
-1.919191919191918672e+00 8.511192132940453847e-01 9.793200402324586662e-01 9.973015916788632307e-01 9.996295831778330143e-01 9.999468040936190238e-01 9.999921348896056994e-01
-1.717171717171718015e+00 8.131589880911479495e-01 9.723456826441017053e-01 9.963013767705000134e-01 9.994849282008003710e-01 9.999253704819812683e-01 9.999889078548591659e-01
-1.515151515151515582e+00 7.675601005436127888e-01 9.629473201128357918e-01 9.949134362735849724e-01 9.992819908384784622e-01 9.998951367294821591e-01 9.999843425058717594e-01
-1.313131313131313149e+00 7.138774953052183792e-01 9.503031352468369608e-01 9.929839395346615749e-01 9.989968700812870139e-01 9.998524520237737079e-01 9.999778806267117792e-01
-1.111111111111110716e+00 6.522046912112391404e-01 9.333603309829132666e-01 9.902984141713768729e-01 9.985957995284251432e-01 9.997921435149518254e-01 9.999687305035609430e-01
-9.090909090909100598e-01 5.833916101710998614e-01 9.108186815261086755e-01 9.865591183091151350e-01 9.980310904455620413e-01 9.997068808649096638e-01 9.999557691318627928e-01
-7.070707070707076269e-01 5.091932278896647013e-01 8.811594000061309107e-01 9.813553884331651656e-01 9.972354375494234535e-01 9.995862759518581164e-01 9.999374034567279912e-01
-5.050505050505051940e-01 4.322601403233934381e-01 8.427591376772454179e-01 9.741262316929339971e-01 9.961139613975857898e-01 9.994156081141198911e-01 9.999113734997404634e-01
-3.030303030303027612e-01 3.559006017330041405e-01 7.941352580102239989e-01 9.641160034374705035e-01 9.945331574187816770e-01 9.991740207729260526e-01 9.998744730693219784e-01
-1.010101010101003283e-01 2.836145617586151579e-01 7.343493164394055972e-01 9.503276085266176842e-01 9.923056898077633470e-01 9.988319734602796318e-01 9.998221536231334250e-01
1.010101010101003283e-01 2.185050617378611060e-01 6.635266083171798002e-01 9.314846792360176320e-01 9.891697512012558313e-01 9.983476485647653220e-01 9.997479625533812753e-01
3.030303030303027612e-01 1.627524940229778394e-01 5.833292680191324298e-01 9.060260615316593213e-01 9.847616091645599035e-01 9.976618974886476421e-01 9.996427470142741356e-01
5.050505050505051940e-01 1.173302709791862186e-01 4.971164428505626676e-01 8.721727406833681417e-01 9.785802150909637120e-01 9.966911595958385384e-01 9.994935260498158947e-01
7.070707070707076269e-01 8.203769622583836907e-02 4.095663109236304389e-01 8.281235569612452885e-01 9.699438243751581368e-01 9.953175962992020231e-01 9.992818941770813534e-01
9.090909090909082835e-01 5.579007813324581011e-02 3.257804047461521635e-01 7.724343707129632808e-01 9.579412756995043798e-01 9.933754549546163215e-01 9.989817644293217391e-01
1.111111111111110716e+00 3.702087354683580162e-02 2.501978496907886207e-01 7.045842571986292713e-01 9.413862584731684802e-01 9.906324425194159566e-01 9.985561827522935197e-01
1.313131313131313149e+00 2.405206609045081392e-02 1.857650860702043105e-01 6.256028158080280122e-01 9.187932198070680734e-01 9.867647280675688748e-01 9.979528426343273750e-01
1.515151515151515582e+00 1.534995270904121120e-02 1.336407938637408921e-01 5.384609739218481073e-01 8.884094534636768348e-01 9.813242736664722354e-01 9.970977908808014156e-01
1.717171717171716239e+00 9.652416890313205572e-03 9.341972420627220330e-02 4.478775537697379239e-01 8.483569521433402816e-01 9.736979010254668276e-01 9.958866381900287612e-01
1.919191919191918672e+00 5.996763922139453779e-03 6.365229322388066269e-02 3.594332888690515704e-01 7.969470523615442836e-01 9.630595132907311395e-01 9.941723730398427383e-01
2.121212121212121104e+00 3.689464023980194071e-03 4.240651531853827094e-02 2.783077811175943550e-01 7.332019982525693758e-01 9.483213323771577663e-01 9.917486379028833676e-01
2.323232323232323537e+00 2.252300633056863056e-03 2.770801961631672722e-02 2.081997106903704098e-01 6.575134109616630473e-01 9.280985941591346489e-01 9.883271277991079184e-01
2.525252525252524194e+00 1.366493458468056362e-03 1.780515823060955377e-02 1.508433160589852107e-01 5.721873743844728688e-01 9.007162195600268983e-01 9.835077392866002910e-01
2.727272727272726627e+00 8.250420671739457741e-04 1.128100452393955566e-02 1.061623468586352925e-01 4.814944890654945242e-01 8.643048395421306651e-01 9.767405211613888749e-01
2.929292929292929060e+00 4.962363278869829156e-04 7.062854578810277839e-03 7.281619576447462272e-02 3.909811852388349607e-01 8.170491769627956646e-01 9.672799395818216794e-01
3.131313131313131493e+00 2.975828251531988187e-04 4.378140931092402814e-03 4.883204940425905222e-02 3.062249474384916015e-01 7.576406629306851048e-01 9.541353876227760544e-01
3.333333333333333925e+00 1.780411751505522227e-04 2.691581725027974038e-03 3.211637846777227329e-02 2.315873834724165858e-01 6.859113362602073938e-01 9.360287916184522050e-01
3.535353535353534582e+00 1.063288593706148062e-04 1.643463072711062820e-03 2.077293321269379350e-02 1.694934353903650992e-01 6.034645859162658388e-01 9.113822473172759064e-01
3.737373737373737015e+00 6.341262047522685727e-05 9.978806219686272433e-04 1.324612683593702142e-02 1.204045294042400543e-01 5.139426115185483646e-01 8.783761346581520080e-01
3.939393939393939448e+00 3.777730636487789182e-05 6.031307792198675657e-04 8.345180146699059803e-03 8.329402147214182150e-02 4.225942372769522781e-01 8.351366639639410394e-01
4.141414141414141881e+00 2.248657948265084391e-05 3.631895254061780730e-04 5.204136292051681281e-03 5.629946181649142511e-02 3.351622550969083347e-01 7.801137826910151674e-01
4.343434343434342537e+00 1.337628251608829624e-05 2.180494957782132682e-04 3.217549034484312644e-03 3.729718392142805650e-02 2.565572108448583299e-01 7.126622092487531201e-01
4.545454545454544970e+00 7.952999927973967794e-06 1.305969939542843243e-04 1.974981724645091547e-03 2.428667724245084369e-02 1.899116663054948861e-01 6.337062594531627235e-01
4.747474747474747403e+00 4.726715355618352581e-06 7.806879212733698896e-05 1.204962160925058829e-03 1.558395116177634619e-02 1.363248535070274436e-01 5.461801791718521315e-01
4.949494949494949836e+00 2.808400438124921030e-06 4.659706722365598467e-05 7.314622729491086252e-04 9.875504694646233123e-03 9.520588217142468557e-02 4.548625535790101759e-01
5.151515151515150492e+00 1.668242625969998528e-06 2.777886267420182596e-05 4.421700245538098622e-04 6.192061229629380187e-03 6.490392152718901797e-02 3.654690406906762057e-01
5.353535353535352925e+00 9.907926002601496013e-07 1.654458536667402691e-05 2.663666297346470552e-04 3.847766090108382421e-03 4.333037012631980878e-02 2.833319026730651835e-01
5.555555555555555358e+00 5.883655184528771909e-07 9.846262178374144496e-06 1.600033413903888648e-04 2.372900208059704717e-03 2.841243588337303422e-02 2.122676568283630716e-01
5.757575757575757791e+00 3.493543305594226176e-07 5.856408734117204878e-06 9.588715828637631427e-05 1.453981783262903345e-03 1.834668344073752538e-02 1.540734586356901081e-01
5.959595959595958448e+00 2.074196760520784209e-07 3.481701735962580202e-06 5.735365638367811438e-05 8.861004739669771195e-04 1.169314391891455862e-02 1.086903473135507059e-01
6.161616161616162657e+00 1.231421478521965220e-07 2.069168629628988080e-06 3.425207707785991971e-05 5.375553499268725249e-04 7.370247305695630177e-03 7.476957041309917340e-02
6.363636363636363313e+00 7.310425473736191273e-08 1.229359397003377783e-06 2.042993600018596522e-05 3.248603669216783198e-04 4.601897932194786399e-03 5.032133141433287743e-02
6.565656565656563970e+00 4.339728129290406760e-08 7.302432364555399757e-07 1.217328533322350831e-05 1.956924417642411508e-04 2.850453569512435229e-03 3.323488107110812717e-02
6.767676767676768179e+00 2.576143298513037358e-08 4.336936295788955587e-07 7.247637841944070117e-06 1.175670408844881721e-04 1.753628617467025558e-03 2.159907374810798170e-02
6.969696969696968836e+00 1.529212980848400499e-08 2.575383021551193108e-07 4.312251595069886200e-06 7.047373778150750547e-05 1.072639246027081751e-03 1.384557620386965039e-02
7.171717171717173045e+00 9.077339694891603762e-09 1.529173299480720874e-07 2.564414376683042303e-06 4.216629442932283032e-05 6.528923645394933955e-04 8.772306152156971598e-03
7.373737373737373701e+00 5.388197918117245836e-09 9.078991838018443991e-08 1.524387113138480268e-06 2.519071770666223633e-05 3.957537905496117661e-04 5.503055772754096575e-03
7.575757575757574358e+00 3.198336322953346309e-09 5.390044045823476020e-08 9.058632766913000754e-07 1.503042044498517318e-05 2.390457700364456174e-04 3.423156494258327957e-03
7.777777777777778567e+00 1.898459605099626332e-09 3.199829323602369637e-08 5.381712973725038622e-07 8.958948976123856222e-06 1.439617565731447497e-04 2.114118469246671368e-03
7.979797979797979224e+00 1.126875670492588832e-09 1.899529502180101052e-08 3.196641991304428921e-07 5.335599886221169629e-06 8.648257319404446428e-05 1.297707943647113515e-03
8.181818181818179880e+00 6.688806764900844771e-10 1.127599341060992550e-08 1.898482233341515417e-07 3.175594105416065374e-06 5.184495022114311694e-05 7.924472125639275572e-04
8.383838383838384090e+00 3.970267422320797035e-10 6.693618192818733218e-09 1.127426218426585456e-07 1.889115830326640765e-06 3.102776436465510667e-05 4.817996775969302656e-04
8.585858585858584746e+00 2.356620693116942329e-10 3.973621592501516621e-09 6.695731726837440250e-08 1.123538752397107138e-06 1.854591632928566950e-05 2.918873147742011764e-04
8.787878787878788955e+00 1.398809912918433526e-10 2.359441545759802645e-09 3.978244355279782601e-08 6.683713503478328843e-07 1.107850276246803522e-05 1.763769494357180943e-04
8.989898989898989612e+00 8.302846580822878902e-11 1.402192680664103237e-09 2.367085720812560177e-08 3.981590878068173416e-07 6.622642803466713743e-06 1.064788080703528656e-04
9.191919191919190268e+00 4.928273296372666731e-11 8.358783015801948551e-10 1.414682680639415603e-08 2.382795699916087511e-07 3.975184297638343267e-06 6.445729105213455167e-05
9.393939393939394478e+00 2.925244266545287326e-11 5.034259392590636121e-10 8.564531354714194554e-09 1.445127268774469395e-07 2.417341233141962820e-06 3.949031015885533485e-05
9.595959595959595134e+00 1.736317605071200387e-11 3.129587296977975778e-10 5.373486706762218882e-09 9.089417517176347785e-08 1.524291265067232534e-06 2.506933755027587090e-05
9.797979797979799343e+00 1.030613799148628515e-11 2.121181688957013488e-10 3.687710670801416173e-09 6.256443166466510465e-08 1.051679216902930365e-06 1.739937635932514135e-05
1.000000000000000000e+01 6.117338978634022613e-12 1.718587842132673608e-10 3.037860719009018181e-09 5.166690199100779621e-08 8.699038988200660446e-07 1.444939557210055607e-05
